StartTime: 2021-09-21 21:44:52.574
address	Time(s)	ax(g)	ay(g)	az(g)	wx(deg/s)	wy(deg/s)	wz(deg/s)	AngleX(deg)	AngleY(deg)	AngleZ(deg)	T(°)	hx	hy	hz	q0	q1	q2	q3
0x50	 21:44:52.574	-0.0088	-0.0015	1.0029	0.0000	0.0000	0.0000	0.0110	0.4614	-54.1077	34.00	-935	672	7	0.89056	0.00192	0.00357	-0.45483
0x50	 21:44:52.624	-0.0098	0.0005	1.0020	0.0000	0.0000	0.0000	0.0055	0.4669	-54.1077	34.02	-933	674	7	0.89053	0.00192	0.00357	-0.45483
0x50	 21:44:52.702	-0.0083	0.0000	1.0029	0.0000	0.0000	0.0000	0.0055	0.4669	-54.1132	34.02	-934	674	7	0.89053	0.00192	0.00357	-0.45483
0x50	 21:44:52.730	-0.0088	-0.0005	1.0020	0.0000	0.0000	0.0000	0.0055	0.4669	-54.1077	34.01	-932	674	6	0.89053	0.00192	0.00357	-0.45486
0x50	 21:44:52.826	-0.0088	0.0015	1.0005	0.0000	0.0000	0.0000	0.0055	0.4669	-54.1077	34.01	-931	677	5	0.89056	0.00192	0.00357	-0.45480
0x50	 21:44:52.892	-0.0073	0.0015	1.0015	0.0000	0.0000	0.0000	0.0110	0.4669	-54.1022	34.01	-934	678	6	0.89056	0.00192	0.00357	-0.45480
0x50	 21:44:52.939	-0.0083	0.0000	1.0024	0.0000	0.0000	0.0000	0.0110	0.4669	-54.1022	34.02	-933	677	9	0.89056	0.00192	0.00357	-0.45480
0x50	 21:44:52.997	-0.0083	0.0005	1.0029	0.0000	0.0000	0.0000	0.0110	0.4669	-54.1022	34.03	-931	674	6	0.89056	0.00192	0.00357	-0.45477
0x50	 21:44:53.054	-0.0078	0.0000	1.0034	0.0000	0.0000	0.0000	0.0110	0.4614	-54.1022	34.03	-932	673	5	0.89056	0.00195	0.00357	-0.45480
0x50	 21:44:53.113	-0.0073	0.0000	1.0024	0.0000	0.0000	0.0000	0.0110	0.4614	-54.1077	33.99	-934	674	6	0.89056	0.00192	0.00357	-0.45480
0x50	 21:44:53.146	-0.0073	0.0000	1.0005	0.0000	0.0000	0.0000	0.0110	0.4614	-54.1077	34.02	-933	674	6	0.89056	0.00192	0.00354	-0.45480
0x50	 21:44:53.258	-0.0078	0.0005	1.0049	0.0000	0.0000	0.0000	0.0110	0.4614	-54.1077	34.00	-935	677	6	0.89056	0.00192	0.00354	-0.45480
0x50	 21:44:53.284	-0.0098	0.0000	1.0039	0.0000	0.0000	0.0000	0.0110	0.4614	-54.1077	34.04	-934	673	4	0.89056	0.00192	0.00354	-0.45480
0x50	 21:44:53.356	-0.0073	0.0010	1.0029	0.0000	0.0000	0.0000	0.0110	0.4614	-54.1077	34.02	-934	677	10	0.89056	0.00192	0.00354	-0.45483
0x50	 21:44:53.438	-0.0093	0.0005	1.0029	0.0000	0.0000	0.0000	0.0110	0.4614	-54.1077	34.02	-935	675	8	0.89053	0.00192	0.00354	-0.45483
0x50	 21:44:53.458	-0.0073	0.0000	1.0024	0.0000	0.0000	0.0000	0.0110	0.4614	-54.1132	34.04	-934	675	6	0.89053	0.00192	0.00354	-0.45483
0x50	 21:44:53.530	-0.0093	0.0000	1.0039	0.0000	0.0000	0.0000	0.0110	0.4614	-54.1132	34.03	-935	672	4	0.89053	0.00192	0.00354	-0.45486
0x50	 21:44:53.601	-0.0078	-0.0005	1.0039	0.0000	0.0000	0.0000	0.0110	0.4614	-54.1132	34.02	-933	675	5	0.89053	0.00192	0.00354	-0.45490
0x50	 21:44:53.632	-0.0083	-0.0005	1.0010	0.0000	0.0000	0.0000	0.0110	0.4614	-54.1132	34.03	-933	675	8	0.89053	0.00192	0.00354	-0.45490
0x50	 21:44:53.702	-0.0088	0.0010	1.0015	0.0000	0.0000	0.0000	0.0110	0.4614	-54.1132	34.02	-934	676	6	0.89053	0.00192	0.00354	-0.45486
0x50	 21:44:53.773	-0.0093	0.0024	1.0029	0.0000	0.0000	0.0000	0.0110	0.4614	-54.1132	34.03	-935	678	5	0.89053	0.00192	0.00351	-0.45486
0x50	 21:44:53.815	-0.0068	0.0000	1.0015	0.0000	0.0000	0.0000	0.0110	0.4614	-54.1132	34.02	-933	675	8	0.89053	0.00195	0.00354	-0.45486
0x50	 21:44:53.876	-0.0083	0.0010	1.0020	0.0000	0.0000	0.0000	0.0110	0.4614	-54.1132	34.03	-935	676	10	0.89053	0.00195	0.00351	-0.45486
0x50	 21:44:53.947	-0.0073	0.0020	1.0005	0.0000	0.0000	0.0000	0.0110	0.4614	-54.1132	34.01	-934	674	7	0.89053	0.00195	0.00354	-0.45486
0x50	 21:44:53.980	-0.0083	0.0010	1.0015	0.0000	0.0000	0.0000	0.0165	0.4614	-54.1132	34.04	-934	676	9	0.89050	0.00195	0.00354	-0.45490
0x50	 21:44:54.050	-0.0078	-0.0005	1.0044	0.0000	0.0000	0.0000	0.0165	0.4614	-54.1132	34.03	-933	678	9	0.89053	0.00195	0.00351	-0.45486
0x50	 21:44:54.118	-0.0073	0.0000	1.0034	0.0000	0.0000	0.0000	0.0165	0.4614	-54.1132	34.04	-933	676	8	0.89053	0.00195	0.00351	-0.45486
0x50	 21:44:54.238	-0.0098	0.0010	1.0034	0.0000	0.0000	0.0000	0.0165	0.4614	-54.1132	34.04	-932	675	8	0.89053	0.00195	0.00351	-0.45486
0x50	 21:44:54.238	-0.0078	0.0020	1.0015	0.0000	0.0000	0.0000	0.0165	0.4614	-54.1132	34.04	-935	675	7	0.89053	0.00195	0.00351	-0.45486
0x50	 21:44:54.293	-0.0088	0.0005	1.0044	0.0000	0.0000	0.0000	0.0165	0.4614	-54.1132	34.04	-935	676	6	0.89053	0.00198	0.00351	-0.45486
0x50	 21:44:54.361	-0.0083	0.0000	1.0024	0.0000	0.0000	0.0000	0.0165	0.4614	-54.1187	34.03	-935	676	8	0.89050	0.00198	0.00351	-0.45490
0x50	 21:44:54.452	-0.0078	-0.0010	1.0029	0.0000	0.0000	0.0000	0.0165	0.4614	-54.1187	34.05	-936	674	11	0.89050	0.00198	0.00354	-0.45493
0x50	 21:44:54.466	-0.0083	0.0000	1.0029	0.0000	0.0000	0.0000	0.0165	0.4669	-54.1187	34.03	-934	674	7	0.89050	0.00198	0.00354	-0.45493
0x50	 21:44:54.542	-0.0083	0.0000	1.0005	0.0000	0.0000	0.0000	0.0165	0.4669	-54.1187	34.03	-934	677	8	0.89050	0.00198	0.00354	-0.45493
