StartTime: 2022-01-18 16:45:34.936
address	Time(s)	ax(g)	ay(g)	az(g)	wx(deg/s)	wy(deg/s)	wz(deg/s)	AngleX(deg)	AngleY(deg)	AngleZ(deg)	T(°)	hx	hy	hz
0x50	 16:45:34.936	-0.0317	-0.0425	1.0000	0.0000	0.0000	0.0000	-2.8455	1.8292	-7.6904	33.45	-934	144	-126
0x50	 16:45:34.973	-0.0303	-0.0430	1.0005	0.0000	0.0000	0.0000	-2.8455	1.8292	-7.6904	33.43	-935	143	-125
0x50	 16:45:35.004	-0.0278	-0.0435	0.9990	0.0000	0.0000	0.0000	-2.8400	1.8292	-7.6904	33.45	-933	143	-125
0x50	 16:45:35.110	-0.0313	-0.0435	1.0010	0.0000	0.0000	0.0000	-2.8400	1.8292	-7.6959	33.45	-933	142	-124
0x50	 16:45:35.114	-0.0313	-0.0420	1.0020	0.0000	0.0000	0.0000	-2.8400	1.8292	-7.6959	33.45	-933	144	-125
0x50	 16:45:35.145	-0.0308	-0.0439	1.0000	0.0000	0.0000	0.0000	-2.8400	1.8292	-7.6959	33.45	-931	146	-126
0x50	 16:45:35.224	-0.0298	-0.0444	1.0024	0.0000	0.0000	0.0000	-2.8400	1.8292	-7.6904	33.43	-933	145	-127
0x50	 16:45:35.255	-0.0308	-0.0459	1.0024	0.0000	0.0000	0.0000	-2.8400	1.8292	-7.6904	33.43	-936	144	-124
0x50	 16:45:35.330	-0.0317	-0.0454	1.0039	0.0000	0.0000	0.0000	-2.8400	1.8292	-7.6904	33.45	-934	146	-125
0x50	 16:45:35.373	-0.0313	-0.0430	1.0015	0.0000	0.0000	0.0000	-2.8400	1.8292	-7.6904	33.45	-935	142	-127
0x50	 16:45:35.408	-0.0293	-0.0439	1.0024	0.0000	0.0000	0.0000	-2.8400	1.8237	-7.6959	33.44	-932	142	-125
0x50	 16:45:35.473	-0.0303	-0.0444	0.9995	0.0000	0.0000	0.0000	-2.8400	1.8292	-7.7014	33.44	-934	141	-123
0x50	 16:45:35.515	-0.0322	-0.0444	1.0000	0.0000	0.0000	0.0000	-2.8455	1.8292	-7.7069	33.45	-937	141	-124
0x50	 16:45:35.548	-0.0293	-0.0444	1.0015	0.0000	0.0000	0.0000	-2.8455	1.8292	-7.7124	33.44	-934	143	-125
0x50	 16:45:35.611	-0.0313	-0.0435	1.0005	0.0000	0.0000	0.0000	-2.8455	1.8292	-7.7124	33.46	-936	145	-127
0x50	 16:45:35.658	-0.0298	-0.0435	1.0029	0.0000	0.0000	0.0000	-2.8455	1.8292	-7.7069	33.45	-935	146	-125
0x50	 16:45:35.734	-0.0308	-0.0454	1.0010	0.0000	0.0000	0.0000	-2.8455	1.8292	-7.7014	33.44	-935	147	-125
0x50	 16:45:35.765	-0.0322	-0.0444	1.0015	0.0000	0.0000	0.0000	-2.8455	1.8292	-7.7014	33.43	-932	144	-125
0x50	 16:45:35.797	-0.0308	-0.0439	1.0000	0.0000	0.0000	0.0000	-2.8455	1.8292	-7.7014	33.44	-935	146	-124
0x50	 16:45:35.876	-0.0317	-0.0435	0.9995	0.0000	0.0000	0.0000	-2.8455	1.8292	-7.7014	33.46	-936	145	-123
0x50	 16:45:35.916	-0.0317	-0.0435	1.0024	0.0000	0.0000	0.0000	-2.8455	1.8347	-7.6959	33.46	-935	146	-124
0x50	 16:45:35.935	-0.0308	-0.0439	1.0020	0.0000	0.0000	0.0000	-2.8455	1.8347	-7.6904	33.46	-934	145	-125
0x50	 16:45:36.014	-0.0313	-0.0444	1.0005	0.0000	0.0000	0.0000	-2.8455	1.8347	-7.6904	33.45	-935	146	-123
0x50	 16:45:36.046	-0.0317	-0.0439	1.0029	0.0000	0.0000	0.0000	-2.8455	1.8347	-7.6849	33.45	-934	144	-125
0x50	 16:45:36.153	-0.0327	-0.0439	1.0024	0.0000	0.0000	0.0000	-2.8455	1.8347	-7.6849	33.45	-933	145	-125
0x50	 16:45:36.169	-0.0308	-0.0459	1.0039	0.0000	0.0000	0.0000	-2.8455	1.8347	-7.6849	33.46	-936	144	-126
